center_x=18.139
center_y=32.759
center_z=73.242
size_x=19.452500343322754
size_y=18.550004959106445
size_z=15.869346857070923
exhaustiveness=2