center_x=18.139
center_y=32.759
center_z=73.242
size_x=29.86999750137329
size_y=15.869346857070923
size_z=21.800003051757812
exhaustiveness=2