center_x=18.139
center_y=32.759
center_z=73.242
size_x=15.869346857070923
size_y=15.869346857070923
size_z=15.869346857070923
exhaustiveness=8